<?xml version="1.0" encoding="utf-8" ?>
<kml xmlns="http://www.opengis.net/kml/2.2">
<Document id="root_doc">
<Schema name="Chen2011_Kinabalu" id="Chen2011_Kinabalu">
	<SimpleField name="SP_ID" type="string"></SimpleField>
	<SimpleField name="dummy" type="float"></SimpleField>
</Schema>
<Folder><name>Chen2011_Kinabalu</name>
  <Placemark>
	<Style><LineStyle><color>ff0000ff</color></LineStyle><PolyStyle><fill>0</fill></PolyStyle></Style>
	<ExtendedData><SchemaData schemaUrl="#Chen2011_Kinabalu">
		<SimpleData name="SP_ID">buffer</SimpleData>
		<SimpleData name="dummy">0</SimpleData>
	</SchemaData></ExtendedData>
      <Polygon><outerBoundaryIs><LinearRing><coordinates>116.473047361312908,6.148266088659201 116.475233201023542,6.150165589786003 116.47217433472855,6.157489223574708 116.470878463788736,6.1670043200515 116.47086851190825,6.168804319372099 116.471500032848525,6.175828899576451 116.47579061346643,6.198769187566437 116.480219142713963,6.210635695897327 116.488375319035555,6.220239460356315 116.502645217413232,6.232060078803071 116.513948538662277,6.238379012045153 116.526717562541648,6.24021701107159 116.539299182356089,6.237336061570954 116.54793842014864,6.233595852474281 116.545353553415552,6.238084990917053 116.544673588202329,6.239774947468367 116.542050514197385,6.255531711223681 116.542150565293113,6.257451718131549 116.542693262465619,6.261516221363527 116.542680558371146,6.263115686268463 116.542780615634854,6.265265693187498 116.543348858728649,6.270232819202228 116.543678904367809,6.272032841685045 116.544117809972775,6.274094247755092 116.545217920311401,6.278624321813796 116.550641216677931,6.29077921354732 116.551033253352827,6.291349813453134 116.552379552683703,6.293584279040892 116.555646582088457,6.298166400575303 116.556876590297477,6.299636465675356 116.56090394379676,6.303683320737254 116.565242153054669,6.311664481203486 116.568875029488126,6.316255876763439 116.565308957480482,6.317075222663878 116.556306187678331,6.322213681173843 116.549115237605207,6.329751316127336 116.544332516107858,6.339063049546909 116.54235465937461,6.349376646141542 116.541105359461582,6.375676558259708 116.541904970335253,6.385300954200302 116.545156180192322,6.394374833552401 116.549407310547451,6.400499257700988 116.546246135768129,6.403655506401702 116.541173896935049,6.41316298396781 116.539061976133183,6.423767455684767 116.535823684195663,6.487987224420547 116.537192167750646,6.500018415181159 116.54234967170855,6.510931552026205 116.550728336575943,6.519525089047446 116.558038258093191,6.524865396090806 116.568941189076938,6.530260721909402 116.580985867114137,6.531644148068036 116.595095485284801,6.530814089387032 116.606314781091356,6.52827318257327 116.612248699572959,6.524642191223411 116.618284050363073,6.524263513648205 116.62309458720155,6.522997254758094 116.629447178297511,6.524548593254455 116.640808977739823,6.525425331516242 116.651866542914803,6.522623841810926 116.661501847561695,6.516427457573388 116.668740639180712,6.507462844684869 116.672850937109544,6.496636592494037 116.673417054872957,6.485043496401399 116.665098356479163,6.408309210963273 116.669125967447371,6.408481651989657 116.670935919541108,6.408151629430336 116.675276361626103,6.407072045152444 116.677614883882612,6.406330331346973 116.677969954186096,6.406265229224193 116.684217444169221,6.404513548182716 116.686257399547941,6.403733497496613 116.693126950146606,6.400208659951319 116.694826927576074,6.399088594708904 116.698016256152314,6.396723870217602 116.699376246574403,6.395593809495467 116.70771738691252,6.385632529933158 116.712069754859058,6.373314946170985 116.712419809683027,6.371174921837764 116.712433589926931,6.368860838892862 116.712567439445294,6.36848905070921 116.713601921283626,6.365119454573788 116.714061964667238,6.363319423248263 116.71518459718645,6.352575578110223 116.713168122567026,6.341968272716046 116.708189263572578,6.332427445936895 116.70709274452777,6.331311450209199 116.708273207352505,6.331069845232093 116.710132256403554,6.330636659917126 116.710587755727985,6.330517452577225 116.7115792263495,6.330360120320933 116.715883496760526,6.329397922894112 116.717813450375189,6.328837885964957 116.722165702218746,6.327259691155545 116.724195660910496,6.326369635118525 116.728634931919856,6.324037268820484 116.730444905392545,6.322917203232469 116.741950776494789,6.311510001491391 116.743090800114501,6.3097099347275 116.745255392924491,6.305778435327754 116.746055424158143,6.304088385139284 116.747897803347371,6.299387938789716 116.748458001741596,6.297609154899814 116.758779390299594,6.297239664962006 116.769793798267983,6.295055987523048 116.779605020272712,6.289512000420793 116.787251247826006,6.281151307505317 116.791982868545688,6.270793667535709 116.793335957562192,6.25945458638466 116.792082819356153,6.22435946069837 116.798838228945527,6.118431128796967 116.797826516679365,6.107157218828132 116.79346506634036,6.09674253674801 116.786174156499314,6.088190726699015 116.776656439717385,6.082325870212294 116.765934682862977,6.079738550649436 116.766334418983163,6.073011336976028 116.766234470117311,6.07109134367021 116.76442751953789,6.061435383364986 116.76386755780851,6.059735418926039 116.763293860712835,6.058120969471873 116.761953935026213,6.054611053080892 116.755685236025812,6.043998110113988 116.74628622261568,6.036131103781888 116.744716197553089,6.035221155707315 116.738519645663658,6.032962484380298 116.738507948874712,6.032853186450271 116.733105011332498,6.021589335308839 116.724270890502183,6.012852198851331 116.722800872839386,6.011832253963025 116.71343175062637,6.007196057363006 116.703147429451491,6.005496049784981 116.619305235847847,6.004196389505879 116.617182453745926,5.994486485468927 116.611351367492631,5.98454249577188 116.609671379983325,5.98250258097733 116.598834295863284,5.973622873347038 116.585488277990649,5.969609759144687 116.563148805442424,5.967510832842753 116.562799271828297,5.967246680428641 116.552290586662551,5.963608064677845 116.541191053868886,5.963413360923985 116.535052072156105,5.965301329290195 116.53438477114463,5.96535034856309 116.533128982404207,5.965479436090968 116.532096542335253,5.965533204426155 116.523242775713399,5.967143230188807 116.52154273587027,5.96768319671923 116.512201745985621,5.972245852879033 116.504534554806796,5.979335103693712 116.499181888146282,5.988358608310796 116.496591017235517,5.998562378367069 116.493713006490395,6.025646547933795 116.488490679662775,6.035385216869487 116.48609770972925,6.035407386564031 116.476938470650779,6.0380401920783 116.44957791560438,6.050089464709285 116.440080002917526,6.056230934945296 116.432922550385612,6.06506564324455 116.428811133047304,6.075722756456889 116.428150996702399,6.087151754428744 116.42847108313137,6.090431775834346 116.428709488436937,6.092353861338892 116.432420124193627,6.116984108472356 116.436279894704583,6.128728167363617 116.443779792529227,6.138481319472992 116.454054998827147,6.145118824580996 116.465920753809201,6.147875207745302 116.473047361312908,6.148266088659201</coordinates></LinearRing></outerBoundaryIs></Polygon>
  </Placemark>
</Folder>
</Document></kml>
